NM_RLE1 = [30.678548722521839   7.586679649003891  27.958699364892709  29.544623899349318  44.076107733464056 20.242121958133389   4.213461531964716 -18.616222237141834  59.178201995688198   1.780232945487026 2.431480107064163   2.928463126026752   3.403600051451985   3.908735043042637   4.596039076717807]=4.964143904374783e-26

NM_RLE1 = [28.894894002096127   7.699362924662206  28.789643790312432  28.789648347014200  50.009541789990848 19.456595739558054   4.341350883690305 -24.222221620732952  59.428637366180538   1.926846233130806 2.470371173894058   2.923724292683829   3.359461194819953   3.812814333970347   4.356339339329878]=1.833186525988796e-25

NM_RLE2 = [58.954789874653642  10.100561959281467  22.130174828825229  48.514150526927558 -22.687379427695106 33.037006703955882   5.952572594126479  49.737533228753385   4.591291798616073   0.822695152391493 1.017152238623345   1.226984550277193   1.467583986855584   1.775153505509507   2.566511912842474]=3.155064967649541e-25

NM_RL2E = [29.961378038287577   7.814749260020724  29.329511473127049  29.795346154976343  49.925375596851168 19.901163156590947   4.312498649861119 -24.006244292968709  59.996496108794844   1.936533768526645 2.480037913641839   2.932600016581741   3.368080005161368   3.822666733609230   4.372707853323134]=6.856652770436199e-25

 NM_RL2E = [36.237821095763053   8.184926111065355  28.677920624923544  35.522573128519056  40.177509271725945  18.480058451459460   4.032174802373708 -12.806744148539320  59.943184518757931   1.756625828974676   2.457199566226263 2.966052653222432   3.457711443210014   3.996287284363052   4.908210932894533]= 3.056993779912465e-26


