>> A_test

Problema =

     2


Evaluaciones =

       20000


N =

     6


Cantidad_Simplex =

     3


Poblacion =

    21


corrida =

     1


NM_Clasic =

  Columns 1 through 5

  33.480094516866203   2.044322090019069  32.438894872218000  32.438894872218356   2.326375181045176

  Columns 6 through 8

  -0.064352960411105   0.003570903301388                   0


NM_Shrink =

  Columns 1 through 5

  49.874539943687552   2.082778246399035  27.475005188872387  49.874539943687168   2.173678509321198

  Columns 6 through 8

  -0.726262547799275   0.004991617832251                   0


NM_RLE1 =

  Columns 1 through 5

  14.390698843321108   2.209975309469358  14.390328024342908  14.390693260097562   2.175438521392494

  Columns 6 through 8

   0.020920635678739   0.002628412934192                   0


NM_RLE2 =

  Columns 1 through 5

  14.314825076754062   2.211161498865895  14.314756215781101  14.314756215781568   2.174365512429413

  Columns 6 through 8

   0.022210582111163   0.002628097546403                   0


NM_RL2E =

  Columns 1 through 5

  14.314573531030490   2.211165410069964  14.314558099251352  14.314558099262088   2.174361964885992

  Columns 6 through 8

   0.022210608063753   0.002628083026706                   0


Solutions =

   0.003570903301388   0.004991617832251   0.002628412934192   0.002628097546403   0.002628083026706


corrida =

     2


NM_Clasic =

  Columns 1 through 5

  44.137777661299843   2.009225742081337  43.969333297332810  43.969333297335275   2.356495492459734

  Columns 6 through 8

  -0.121804507402735   0.003854839257655                   0


NM_Shrink =

  Columns 1 through 5

  36.528709632972976   2.034195347383159  34.866615749728282  34.866615749728282   2.335940093576025

  Columns 6 through 8

  -0.050742253603052   0.003688090743550                   0


NM_RLE1 =

  Columns 1 through 5

  14.314712989224546   2.211162856890245  14.314701384456637  14.314705211159966   2.174364311816041

  Columns 6 through 8

   0.022207179662580   0.002628082974766                   0


NM_RLE2 =

  Columns 1 through 5

  14.329008594342037   2.210936377233628  14.325210890300450  14.325213096132153   2.174571774861696

  Columns 6 through 8

   0.022270053063668   0.002629112563647                   0


NM_RL2E =

  Columns 1 through 5

  14.314623211658596   2.211164549331119  14.314609168972357  14.314609168975458   2.174362744197209

  Columns 6 through 8

   0.022209677881209   0.002628082649264                   0


Solutions =

   0.003570903301388   0.004991617832251   0.002628412934192   0.002628097546403   0.002628083026706
   0.003854839257655   0.003688090743550   0.002628082974766   0.002629112563647   0.002628082649264


corrida =

     3


NM_Clasic =

  Columns 1 through 5

  47.237191967707517   2.002252441790203  47.237156346777745  47.237156346779578   2.362451988904671

  Columns 6 through 8

  -0.131058689647025   0.003921401913565                   0


NM_Shrink =

  Columns 1 through 5

  16.315928775990841   2.190191065301687  15.805718486258343  16.315928775990798   2.192934709176893

  Columns 6 through 8

  -0.052712432610642   0.002871858611218                   0


NM_RLE1 =

  Columns 1 through 5

  16.934837449621124   2.182119924265523  16.331814428494340  16.934837103702410   2.199924629281843

  Columns 6 through 8

  -0.066552874306774   0.002913604865570                   0


NM_RLE2 =

  Columns 1 through 5

  14.341397277608571   2.210741636035873  14.336535525476846  14.341397277553952   2.174761883413385

  Columns 6 through 8

   0.021251337769620   0.002630657530884                   0


NM_RL2E =

  Columns 1 through 5

  14.315509534403668   2.211147491787124  14.315509456172041  14.315509533496495   2.174378340510832

  Columns 6 through 8

   0.022194722108792   0.002628078898365                   0


Solutions =

   0.003570903301388   0.004991617832251   0.002628412934192   0.002628097546403   0.002628083026706
   0.003854839257655   0.003688090743550   0.002628082974766   0.002629112563647   0.002628082649264
   0.003921401913565   0.002871858611218   0.002913604865570   0.002630657530884   0.002628078898365


corrida =

     4


NM_Clasic =

  Columns 1 through 5

  14.538546548991643   2.208870798429863  14.479369521551339  14.538546547667137   2.176523983152058

  Columns 6 through 8

   0.012478334108931   0.002659039374561                   0


NM_Shrink =

  Columns 1 through 5

  49.987351703490489   2.003633707676740  47.466036960597499  49.987351703490432   2.355823128655842

  Columns 6 through 8

  -0.205856629168452   0.004038978598939                   0


NM_RLE1 =

  Columns 1 through 5

  14.461450619302910   2.209565732804492  14.425109242262369  14.461450615473874   2.175867954047040

  Columns 6 through 8

   0.016171346803838   0.002647278076642                   0


NM_RLE2 =

  Columns 1 through 5

  14.314585292076147   2.211166538767019  14.314580394897312  14.314585286929381   2.174361088261622

  Columns 6 through 8

   0.022208629296884   0.002628081427855                   0


NM_RL2E =

  Columns 1 through 5

  14.314530993311827   2.211166137035400  14.314530971336545  14.314530971352116   2.174361298227614

  Columns 6 through 8

   0.022210057740052   0.002628078839108                   0


Solutions =

   0.003570903301388   0.004991617832251   0.002628412934192   0.002628097546403   0.002628083026706
   0.003854839257655   0.003688090743550   0.002628082974766   0.002629112563647   0.002628082649264
   0.003921401913565   0.002871858611218   0.002913604865570   0.002630657530884   0.002628078898365
   0.002659039374561   0.004038978598939   0.002647278076642   0.002628081427855   0.002628078839108


corrida =

     5


NM_Clasic =

  Columns 1 through 5

  23.679321137496110   2.105549422430456  22.890209280157279  23.679321137495485   2.267947882857111

  Columns 6 through 8

  -0.116948663805700   0.003197652124974                   0


NM_Shrink =

  Columns 1 through 5

  41.376175408851083   2.459398953232330   8.270716906782596  41.376175408851076   1.606777796020646

  Columns 6 through 8

  -1.106218739459693   0.015975489602434                   0


NM_RLE1 =

  Columns 1 through 5

  14.314175235196981   2.211174562287734  14.314133366463544  14.314175235143544   2.174353568526200

  Columns 6 through 8

   0.022212609020258   0.002628101025216                   0


NM_RLE2 =

  Columns 1 through 5

  14.335204683725243   2.211169231174841  14.328120097402945  14.335203276053557   2.174402657532783

  Columns 6 through 8

   0.021192112604881   0.002631865486564                   0


NM_RL2E =

  Columns 1 through 5

  14.314649583911898   2.211165285224757  14.314608416976423  14.314649583911546   2.174362137710948

  Columns 6 through 8

   0.022203737335595   0.002628100646160                   0


Solutions =

   0.003570903301388   0.004991617832251   0.002628412934192   0.002628097546403   0.002628083026706
   0.003854839257655   0.003688090743550   0.002628082974766   0.002629112563647   0.002628082649264
   0.003921401913565   0.002871858611218   0.002913604865570   0.002630657530884   0.002628078898365
   0.002659039374561   0.004038978598939   0.002647278076642   0.002628081427855   0.002628078839108
   0.003197652124974   0.015975489602434   0.002628101025216   0.002631865486564   0.002628100646160


corrida =

     6


NM_Clasic =

  Columns 1 through 5

  19.213274586159354   2.138158841889407  19.213274586008573  19.213274586008907   2.240776119920110

  Columns 6 through 8

  -0.037801596443880   0.002825500742485                   0


NM_Shrink =

  Columns 1 through 5

  44.846062455495840   3.242128131508425   3.384220871500990  44.846062455495840   0.643225128739475

  Columns 6 through 8

  -1.125846545277022   0.127575842876036                   0


NM_RLE1 =

  Columns 1 through 5

  14.314420111126713   2.211172051530924  14.314407024249189  14.314407030007827   2.174355453669907

