


Problema =

     5


Evaluaciones =

      125000


N =

    14


Cantidad_Simplex =

     9


Poblacion =

   135


corrida =

     1


HNMED6 =

   1.0e+02 *

  Columns 1 through 7

   0.904149306901999   0.255200312106185   0.765630050047478  -0.415991053996772  -0.383855657578116  -0.228242704385373   0.826380315942023

  Columns 8 through 14

   0.656615937201588   0.341194323940111   0.826382810544441   0.341185103041101   1.035534410403143   0.011387516235541   0.028659193104686

  Columns 15 through 16

   0.001580540375234                   0


Solutions =

   0.158054037523377


corrida =

     2


HNMED6 =

  Columns 1 through 7

  67.381156374583639  26.952147907959358  80.856443779451567  -8.670297791401341 -25.233277254936169 -41.442790394422424  53.984175114638532

  Columns 8 through 14

  76.370132018676628  49.999999999767802  76.370132039965512  49.999999998570175  80.842803630295052   0.263583248250872   2.492744407538353

  Columns 15 through 16

   0.113852426247570                   0


Solutions =

   0.158054037523377
   0.113852426247570


corrida =

     3


HNMED6 =

  Columns 1 through 7

  88.172299690839765  27.184751116909851  81.567401681887958 -49.996049312423423 -46.600709944013516 -32.122263319785574  86.672487194300203

  Columns 8 through 14

  71.769301226275431  33.092025123283534  86.675821931990242  33.074956761540278  97.395317635770766   0.997805418450932   2.818615861996986

  Columns 15 through 16

   0.154916722060383                   0


Solutions =

   0.158054037523377
   0.113852426247570
   0.154916722060383


corrida =

     4


HNMED6 =

   1.0e+02 *

  Columns 1 through 7

   0.906676282344082   0.300269483573780   0.901056470457139  -0.337651350040096  -0.279070617972135  -0.037886621319183   0.934208733222856

  Columns 8 through 14

   0.680163350044928   0.350292985576480   0.934619222491018   0.349909718307622   1.005263057262633   0.002832634788304   0.029058620037859

  Columns 15 through 16

   0.001548781134322                   0


Solutions =

   0.158054037523377
   0.113852426247570
   0.154916722060383
   0.154878113432194


corrida =

     5


HNMED6 =

  Columns 1 through 7

  67.380909846926897  26.952365389123539  80.857096167370699 -19.390565319966594 -34.027751719817182 -49.624310014370955  53.984153234419864

  Columns 8 through 14

  76.369981404961024  49.999999999999993  76.369981404961067  49.999999999999993  80.842981969395339   0.509354291495347   2.492745066183796

  Columns 15 through 16

   0.113852426187908                   0


Solutions =

   0.158054037523377
   0.113852426247570
   0.154916722060383
   0.154878113432194
   0.113852426187908


corrida =

     6


HNMED6 =

  Columns 1 through 7

  67.168296086811281  26.925185698998810  80.775602148367483 -19.957196233268721 -34.466511746243526 -49.990318993309394  53.984371515655056

  Columns 8 through 14

  76.372629101078218  49.999972593246689  76.372721462817665  49.999910987966935  80.839723373277835   0.519015909683786   2.492732729280395

  Columns 15 through 16

   0.113853480465417                   0


Solutions =

   0.158054037523377
   0.113852426247570
   0.154916722060383
   0.154878113432194
   0.113852426187908
   0.113853480465417


corrida =

     7


HNMED6 =

  Columns 1 through 7

  78.056260394504577  23.763628975684448  71.414766836325342 -49.716630204958605 -47.655213096820873 -37.888360189002739  90.385825961865166

  Columns 8 through 14

  73.330605826351700  33.334916131562323  90.431092817351384  32.478922163403809  95.940976839112821   1.304176305856330   2.828897822851525

  Columns 15 through 16

   0.158989526408832                   0


Solutions =

   0.158054037523377
   0.113852426247570
   0.154916722060383
   0.154878113432194
   0.113852426187908
   0.113853480465417
   0.158989526408832


corrida =

     8


HNMED6 =

   1.0e+02 *

  Columns 1 through 7

   0.833972374041955   0.300842580933930   0.902743959933133  -0.417760083679761  -0.368640461543259  -0.174727295155538   0.835283084914462

  Columns 8 through 14

   0.680115674798372   0.336877227958005   0.835288551548438   0.336822636704144   1.012320161812694   0.002709338063363   0.028424781285236

  Columns 15 through 16

   0.001528504400561                   0


Solutions =

   0.158054037523377
   0.113852426247570
   0.154916722060383
   0.154878113432194
   0.113852426187908
   0.113853480465417
   0.158989526408832
   0.152850440056149


corrida =

     9


HNMED6 =

  Columns 1 through 7

  67.379489610257750  26.952229543330290  80.856688632359095 -19.454232115287397 -34.083252920437609 -49.676245518517661  53.984185069306434

  Columns 8 through 14

  76.370219563252874  49.999999999213713  76.370219637598495  49.999999970266728  80.842699411833308   0.510923501358677   2.492743956080869

  Columns 15 through 16

   0.113852426341187                   0


Solutions =

   0.158054037523377
   0.113852426247570
   0.154916722060383
   0.154878113432194
   0.113852426187908
   0.113853480465417
   0.158989526408832
   0.152850440056149
   0.113852426341187


corrida =

    10


HNMED6 =

  Columns 1 through 7

  76.197917235256895  28.980786103215838  86.943714390518522 -42.988434396297073 -38.940690126672976 -23.290454089650485  84.856023441762943

  Columns 8 through 14

  71.308871260953822  32.940387591512284  84.878218158797708  32.939489271366625  97.969185607030056   0.264884288112647   2.811552682183614

  Columns 15 through 16

   0.152327083059808                   0


Solutions =

   0.158054037523377
   0.113852426247570
   0.154916722060383
   0.154878113432194
   0.113852426187908
   0.113853480465417
   0.158989526408832
   0.152850440056149
   0.113852426341187
   0.152327083059808


corrida =

    11


HNMED6 =

   1.0e+02 *

  Columns 1 through 7

   0.891178836935884   0.323860517055046   0.988398757066714  -0.488833561583294  -0.427602451478997  -0.226566116638520   0.990124961607430

  Columns 8 through 14

   0.631795405666059   0.366020219299959   0.991323089859027   0.365814117184584   1.048815442671532   0.002691964324089   0.029929496519359

  Columns 15 through 16

   0.001576072554912                   0


Solutions =

   0.158054037523377
   0.113852426247570
   0.154916722060383
   0.154878113432194
   0.113852426187908
   0.113853480465417
   0.158989526408832
   0.152850440056149
   0.113852426341187
   0.152327083059808
   0.157607255491185


corrida =

    12


HNMED6 =

  Columns 1 through 7

  80.662072012763986  27.080182688256652  81.258193578008502 -33.188783616285122 -28.975633857341606 -10.835823618500415  85.181315889832220

  Columns 8 through 14

  73.480237289423556  32.312856968820412  85.182322370220561  32.309772725693563  95.877373752977590   0.346406379247908   2.787476849162843

  Columns 15 through 16

   0.153796264716349                   0


Solutions =

   0.158054037523377
   0.113852426247570
   0.154916722060383
   0.154878113432194
   0.113852426187908
   0.113853480465417
   0.158989526408832
   0.152850440056149
   0.113852426341187
   0.152327083059808
   0.157607255491185
   0.153796264716349


corrida =

    13


HNMED6 =

  Columns 1 through 7

  69.345754593502349  26.395576038617698  79.200978953707761  -0.419961911914301 -20.393259109526575 -37.725520958887387  53.977867916216056

  Columns 8 through 14

  76.326276310344980  49.999918150627181  76.326435850609215  49.999797096614088  80.895509538953917   0.263485716191198   2.492948893933375

  Columns 15 through 16

   0.113994257959887                   0


Solutions =

   0.158054037523377
   0.113852426247570
   0.154916722060383
   0.154878113432194
   0.113852426187908
   0.113853480465417
   0.158989526408832
   0.152850440056149
   0.113852426341187
   0.152327083059808
   0.157607255491185
   0.153796264716349
   0.113994257959887


corrida =

    14


HNMED6 =

