

Problema =

     1


Evaluaciones =

      750030


N =

    15


Cantidad_Simplex =

     9


Poblacion =

   144


corrida =

     1


Solutions =

   1.0e-03 *

  Columns 1 through 4

   0.000781108276665   0.496054374758516   0.223614929347718   0.207650562404063

  Columns 5 through 6

   0.205036177276851   0.636450812614375


corrida =

     2


Solutions =

  Columns 1 through 4

   0.000000781108277   0.000496054374759   0.000223614929348   0.000207650562404
   0.027477712359343   0.000206265719976   0.000257418220101   0.000317561864165

  Columns 5 through 6

   0.000205036177277   0.000636450812614
   0.000000000000000   0.000000000000000


corrida =

     3


Solutions =

  Columns 1 through 4

   0.000000781108277   0.000496054374759   0.000223614929348   0.000207650562404
   0.027477712359343   0.000206265719976   0.000257418220101   0.000317561864165
   0.000000000000000   0.000221616397170   0.000633884361725   0.000205036177277

  Columns 5 through 6

   0.000205036177277   0.000636450812614
   0.000000000000000   0.000000000000000
   0.000489615498124   0.000283329113873


corrida =

     4


Solutions =

  Columns 1 through 4

   0.000000781108277   0.000496054374759   0.000223614929348   0.000207650562404
   0.027477712359343   0.000206265719976   0.000257418220101   0.000317561864165
   0.000000000000000   0.000221616397170   0.000633884361725   0.000205036177277
   0.020672721290642   0.000285809000730   0.000205036177278   0.000245958572215

  Columns 5 through 6

   0.000205036177277   0.000636450812614
   0.000000000000000   0.000000000000000
   0.000489615498124   0.000283329113873
   0.000205036177276   0.000205036177292


corrida =

     5


Solutions =

  Columns 1 through 4

   0.000000781108277   0.000496054374759   0.000223614929348   0.000207650562404
   0.027477712359343   0.000206265719976   0.000257418220101   0.000317561864165
   0.000000000000000   0.000221616397170   0.000633884361725   0.000205036177277
   0.020672721290642   0.000285809000730   0.000205036177278   0.000245958572215
   0.000075994492559   0.000000000000000   0.000543157934418   0.000380227677727

  Columns 5 through 6

   0.000205036177277   0.000636450812614
   0.000000000000000   0.000000000000000
   0.000489615498124   0.000283329113873
   0.000205036177276   0.000205036177292
   0.000255832129820   0.000480909659037


corrida =

     6


Solutions =

  Columns 1 through 4

   0.000000781108277   0.000496054374759   0.000223614929348   0.000207650562404
   0.027477712359343   0.000206265719976   0.000257418220101   0.000317561864165
   0.000000000000000   0.000221616397170   0.000633884361725   0.000205036177277
   0.020672721290642   0.000285809000730   0.000205036177278   0.000245958572215
   0.000075994492559   0.000000000000000   0.000543157934418   0.000380227677727
   0.000000000000000   0.000231293294954   0.025700382304998   0.000633626231091

  Columns 5 through 6

   0.000205036177277   0.000636450812614
   0.000000000000000   0.000000000000000
   0.000489615498124   0.000283329113873
   0.000205036177276   0.000205036177292
   0.000255832129820   0.000480909659037
   0.000130041968338   0.000000234033271


corrida =

     7


Solutions =

  Columns 1 through 4

   0.000000781108277   0.000496054374759   0.000223614929348   0.000207650562404
   0.027477712359343   0.000206265719976   0.000257418220101   0.000317561864165
   0.000000000000000   0.000221616397170   0.000633884361725   0.000205036177277
   0.020672721290642   0.000285809000730   0.000205036177278   0.000245958572215
   0.000075994492559   0.000000000000000   0.000543157934418   0.000380227677727
   0.000000000000000   0.000231293294954   0.025700382304998   0.000633626231091
   0.027456860071567   0.000000573740662   0.000305783004983   0.000089715873271

  Columns 5 through 6

   0.000205036177277   0.000636450812614
   0.000000000000000   0.000000000000000
   0.000489615498124   0.000283329113873
   0.000205036177276   0.000205036177292
   0.000255832129820   0.000480909659037
   0.000130041968338   0.000000234033271
   0.000208294771828   0.000313415492733


corrida =

     8


Solutions =

  Columns 1 through 4

   0.000000781108277   0.000496054374759   0.000223614929348   0.000207650562404
   0.027477712359343   0.000206265719976   0.000257418220101   0.000317561864165
   0.000000000000000   0.000221616397170   0.000633884361725   0.000205036177277
   0.020672721290642   0.000285809000730   0.000205036177278   0.000245958572215
   0.000075994492559   0.000000000000000   0.000543157934418   0.000380227677727
   0.000000000000000   0.000231293294954   0.025700382304998   0.000633626231091
   0.027456860071567   0.000000573740662   0.000305783004983   0.000089715873271
   0.000001484236341   0.026041321692453   0.020858999787099   0.000205036177278

  Columns 5 through 6

   0.000205036177277   0.000636450812614
   0.000000000000000   0.000000000000000
   0.000489615498124   0.000283329113873
   0.000205036177276   0.000205036177292
   0.000255832129820   0.000480909659037
   0.000130041968338   0.000000234033271
   0.000208294771828   0.000313415492733
   0.000378117038309   0.000000000000000


corrida =

     9


Solutions =

  Columns 1 through 4

   0.000000781108277   0.000496054374759   0.000223614929348   0.000207650562404
   0.027477712359343   0.000206265719976   0.000257418220101   0.000317561864165
   0.000000000000000   0.000221616397170   0.000633884361725   0.000205036177277
   0.020672721290642   0.000285809000730   0.000205036177278   0.000245958572215
   0.000075994492559   0.000000000000000   0.000543157934418   0.000380227677727
   0.000000000000000   0.000231293294954   0.025700382304998   0.000633626231091
   0.027456860071567   0.000000573740662   0.000305783004983   0.000089715873271
   0.000001484236341   0.026041321692453   0.020858999787099   0.000205036177278
   0.000002772942490   0.000205036409727   0.000456256450102   0.000532021622896

  Columns 5 through 6

   0.000205036177277   0.000636450812614
   0.000000000000000   0.000000000000000
   0.000489615498124   0.000283329113873
   0.000205036177276   0.000205036177292
   0.000255832129820   0.000480909659037
   0.000130041968338   0.000000234033271
   0.000208294771828   0.000313415492733
   0.000378117038309   0.000000000000000
   0.000014670092168   0.000205036177277


corrida =

    10


Solutions =

  Columns 1 through 4

   0.000000781108277   0.000496054374759   0.000223614929348   0.000207650562404
   0.027477712359343   0.000206265719976   0.000257418220101   0.000317561864165
   0.000000000000000   0.000221616397170   0.000633884361725   0.000205036177277
   0.020672721290642   0.000285809000730   0.000205036177278   0.000245958572215
   0.000075994492559   0.000000000000000   0.000543157934418   0.000380227677727
   0.000000000000000   0.000231293294954   0.025700382304998   0.000633626231091
   0.027456860071567   0.000000573740662   0.000305783004983   0.000089715873271
   0.000001484236341   0.026041321692453   0.020858999787099   0.000205036177278
   0.000002772942490   0.000205036409727   0.000456256450102   0.000532021622896
   0.000635391171320   0.000205338420058   0.000205134327727                   0

  Columns 5 through 6

   0.000205036177277   0.000636450812614
   0.000000000000000   0.000000000000000
   0.000489615498124   0.000283329113873
   0.000205036177276   0.000205036177292
   0.000255832129820   0.000480909659037
   0.000130041968338   0.000000234033271
   0.000208294771828   0.000313415492733
   0.000378117038309   0.000000000000000
   0.000014670092168   0.000205036177277
   0.020672244555718   0.000265678505544


corrida =

    11


Solutions =

