

Problema =

     1


Evaluaciones =

      500000


N =

    15


Cantidad_Simplex =

     9


Poblacion =

   144


corrida =

     1


Solutions =

   0.000864067085191   0.000465797506812   0.000577098003199   0.000647913641893   0.027385627021404   0.000630592106219


corrida =

     2


Solutions =

   0.000864067085191   0.000465797506812   0.000577098003199   0.000647913641893   0.027385627021404   0.000630592106219
   0.000417308322832   0.000562566800009   0.027460273873628   0.000637138550247   0.000237458809401   0.000619019794508


corrida =

     3


Solutions =

   0.000864067085191   0.000465797506812   0.000577098003199   0.000647913641893   0.027385627021404   0.000630592106219
   0.000417308322832   0.000562566800009   0.027460273873628   0.000637138550247   0.000237458809401   0.000619019794508
   0.000427156639058   0.000466872407431   0.000008706730159   0.000205036177816   0.000248241558846   0.000206746602780


corrida =

     4


Solutions =

   0.000864067085191   0.000465797506812   0.000577098003199   0.000647913641893   0.027385627021404   0.000630592106219
   0.000417308322832   0.000562566800009   0.027460273873628   0.000637138550247   0.000237458809401   0.000619019794508
   0.000427156639058   0.000466872407431   0.000008706730159   0.000205036177816   0.000248241558846   0.000206746602780
   0.000000960676342   0.000356598714661   0.000000000000000   0.000226176659595   0.000534643210752   0.000587879922625


corrida =

     5


Solutions =

   0.000864067085191   0.000465797506812   0.000577098003199   0.000647913641893   0.027385627021404   0.000630592106219
   0.000417308322832   0.000562566800009   0.027460273873628   0.000637138550247   0.000237458809401   0.000619019794508
   0.000427156639058   0.000466872407431   0.000008706730159   0.000205036177816   0.000248241558846   0.000206746602780
   0.000000960676342   0.000356598714661   0.000000000000000   0.000226176659595   0.000534643210752   0.000587879922625
   0.000000000000001   0.000231953362608   0.000118375798091   0.011741894809243   0.000389201939972   0.000257307538767


corrida =

     6


Solutions =

   0.000864067085191   0.000465797506812   0.000577098003199   0.000647913641893   0.027385627021404   0.000630592106219
   0.000417308322832   0.000562566800009   0.027460273873628   0.000637138550247   0.000237458809401   0.000619019794508
   0.000427156639058   0.000466872407431   0.000008706730159   0.000205036177816   0.000248241558846   0.000206746602780
   0.000000960676342   0.000356598714661   0.000000000000000   0.000226176659595   0.000534643210752   0.000587879922625
   0.000000000000001   0.000231953362608   0.000118375798091   0.011741894809243   0.000389201939972   0.000257307538767
   0.000001896147806   0.000413325313700   0.027398672965067   0.027417532106158   0.000209738704536   0.027262020834331


corrida =

     7


Solutions =

   0.000864067085191   0.000465797506812   0.000577098003199   0.000647913641893   0.027385627021404   0.000630592106219
   0.000417308322832   0.000562566800009   0.027460273873628   0.000637138550247   0.000237458809401   0.000619019794508
   0.000427156639058   0.000466872407431   0.000008706730159   0.000205036177816   0.000248241558846   0.000206746602780
   0.000000960676342   0.000356598714661   0.000000000000000   0.000226176659595   0.000534643210752   0.000587879922625
   0.000000000000001   0.000231953362608   0.000118375798091   0.011741894809243   0.000389201939972   0.000257307538767
   0.000001896147806   0.000413325313700   0.027398672965067   0.027417532106158   0.000209738704536   0.027262020834331
   0.000010999206316   0.000280425961559   0.000146735303574   0.000605470688208   0.000597198946608   0.000284241771489


corrida =

     8


Solutions =

   0.000864067085191   0.000465797506812   0.000577098003199   0.000647913641893   0.027385627021404   0.000630592106219
   0.000417308322832   0.000562566800009   0.027460273873628   0.000637138550247   0.000237458809401   0.000619019794508
   0.000427156639058   0.000466872407431   0.000008706730159   0.000205036177816   0.000248241558846   0.000206746602780
   0.000000960676342   0.000356598714661   0.000000000000000   0.000226176659595   0.000534643210752   0.000587879922625
   0.000000000000001   0.000231953362608   0.000118375798091   0.011741894809243   0.000389201939972   0.000257307538767
   0.000001896147806   0.000413325313700   0.027398672965067   0.027417532106158   0.000209738704536   0.027262020834331
   0.000010999206316   0.000280425961559   0.000146735303574   0.000605470688208   0.000597198946608   0.000284241771489
   0.000000000000000   0.000113900731968   0.000242496406618   0.000265993378153   0.000019366730501   0.000097737479454


corrida =

     9


Solutions =

   0.000864067085191   0.000465797506812   0.000577098003199   0.000647913641893   0.027385627021404   0.000630592106219
   0.000417308322832   0.000562566800009   0.027460273873628   0.000637138550247   0.000237458809401   0.000619019794508
   0.000427156639058   0.000466872407431   0.000008706730159   0.000205036177816   0.000248241558846   0.000206746602780
   0.000000960676342   0.000356598714661   0.000000000000000   0.000226176659595   0.000534643210752   0.000587879922625
   0.000000000000001   0.000231953362608   0.000118375798091   0.011741894809243   0.000389201939972   0.000257307538767
   0.000001896147806   0.000413325313700   0.027398672965067   0.027417532106158   0.000209738704536   0.027262020834331
   0.000010999206316   0.000280425961559   0.000146735303574   0.000605470688208   0.000597198946608   0.000284241771489
   0.000000000000000   0.000113900731968   0.000242496406618   0.000265993378153   0.000019366730501   0.000097737479454
   0.000023389179848   0.031713737217595   0.000000000000000   0.020756863018428   0.000610207300208   0.026516511987224


corrida =

    10


Solutions =

   0.000864067085191   0.000465797506812   0.000577098003199   0.000647913641893   0.027385627021404   0.000630592106219
   0.000417308322832   0.000562566800009   0.027460273873628   0.000637138550247   0.000237458809401   0.000619019794508
   0.000427156639058   0.000466872407431   0.000008706730159   0.000205036177816   0.000248241558846   0.000206746602780
   0.000000960676342   0.000356598714661   0.000000000000000   0.000226176659595   0.000534643210752   0.000587879922625
   0.000000000000001   0.000231953362608   0.000118375798091   0.011741894809243   0.000389201939972   0.000257307538767
   0.000001896147806   0.000413325313700   0.027398672965067   0.027417532106158   0.000209738704536   0.027262020834331
   0.000010999206316   0.000280425961559   0.000146735303574   0.000605470688208   0.000597198946608   0.000284241771489
   0.000000000000000   0.000113900731968   0.000242496406618   0.000265993378153   0.000019366730501   0.000097737479454
   0.000023389179848   0.031713737217595   0.000000000000000   0.020756863018428   0.000610207300208   0.026516511987224
   0.000037196343763   0.000247653754939   0.000499806982876   0.000205792570259   0.027309661816067   0.000380403664796


corrida =

    11


