

Problema =

     4


Evaluaciones =

      125000


N =

    14


Cantidad_Simplex =

     9


Poblacion =

   135


corrida =

     1


Solutions =

   1.0e-21 *

   0.294134513037638   0.000006424483212   0.000000050487098   0.000000063108872   0.000000242969159   0.000000053642542


corrida =

     2


Solutions =

   1.0e-21 *

   0.294134513037638   0.000006424483212   0.000000050487098   0.000000063108872   0.000000242969159   0.000000053642542
   0.014423457060414   0.000002473867799   0.000000100974196   0.000000050487098   0.000002505422235   0.000000113595970


corrida =

     3


Solutions =

   1.0e-18 *

   0.000294134513038   0.000000006424483   0.000000000050487   0.000000000063109   0.000000000242969   0.000000000053643
   0.000014423457060   0.000000002473868   0.000000000100974   0.000000000050487   0.000000002505422   0.000000000113596
   0.682431972223457   0.000000007879143   0.000000000012622   0.000000000082042   0.000000000381809                   0


corrida =

     4


Solutions =

   1.0e-18 *

   0.000294134513038   0.000000006424483   0.000000000050487   0.000000000063109   0.000000000242969   0.000000000053643
   0.000014423457060   0.000000002473868   0.000000000100974   0.000000000050487   0.000000002505422   0.000000000113596
   0.682431972223457   0.000000007879143   0.000000000012622   0.000000000082042   0.000000000381809                   0
   0.000035250498830   0.000000005111819   0.000000000025244   0.000000000012622   0.000000001981619   0.000000000041021


corrida =

     5


Solutions =

   1.0e-18 *

   0.000294134513038   0.000000006424483   0.000000000050487   0.000000000063109   0.000000000242969   0.000000000053643
   0.000014423457060   0.000000002473868   0.000000000100974   0.000000000050487   0.000000002505422   0.000000000113596
   0.682431972223457   0.000000007879143   0.000000000012622   0.000000000082042   0.000000000381809                   0
   0.000035250498830   0.000000005111819   0.000000000025244   0.000000000012622   0.000000001981619   0.000000000041021
   0.002304437641945   0.000000000063109   0.000000000050487   0.000000000003155   0.000000000214570   0.000000000003155


corrida =

     6


Solutions =

   1.0e-18 *

   0.000294134513038   0.000000006424483   0.000000000050487   0.000000000063109   0.000000000242969   0.000000000053643
   0.000014423457060   0.000000002473868   0.000000000100974   0.000000000050487   0.000000002505422   0.000000000113596
   0.682431972223457   0.000000007879143   0.000000000012622   0.000000000082042   0.000000000381809                   0
   0.000035250498830   0.000000005111819   0.000000000025244   0.000000000012622   0.000000001981619   0.000000000041021
   0.002304437641945   0.000000000063109   0.000000000050487   0.000000000003155   0.000000000214570   0.000000000003155
   0.000850454874400   0.000000017796702   0.000000000050487   0.000000000041021   0.000000000921390   0.000000000050487


corrida =

     7


Solutions =

   1.0e-18 *

   0.000294134513038   0.000000006424483   0.000000000050487   0.000000000063109   0.000000000242969   0.000000000053643
   0.000014423457060   0.000000002473868   0.000000000100974   0.000000000050487   0.000000002505422   0.000000000113596
   0.682431972223457   0.000000007879143   0.000000000012622   0.000000000082042   0.000000000381809                   0
   0.000035250498830   0.000000005111819   0.000000000025244   0.000000000012622   0.000000001981619   0.000000000041021
   0.002304437641945   0.000000000063109   0.000000000050487   0.000000000003155   0.000000000214570   0.000000000003155
   0.000850454874400   0.000000017796702   0.000000000050487   0.000000000041021   0.000000000921390   0.000000000050487
   0.000253671868212   0.000000003887507   0.000000000214570   0.000000000012622   0.000000000454384                   0


corrida =

     8


Solutions =

   1.0e-18 *

   0.000294134513038   0.000000006424483   0.000000000050487   0.000000000063109   0.000000000242969   0.000000000053643
   0.000014423457060   0.000000002473868   0.000000000100974   0.000000000050487   0.000000002505422   0.000000000113596
   0.682431972223457   0.000000007879143   0.000000000012622   0.000000000082042   0.000000000381809                   0
   0.000035250498830   0.000000005111819   0.000000000025244   0.000000000012622   0.000000001981619   0.000000000041021
   0.002304437641945   0.000000000063109   0.000000000050487   0.000000000003155   0.000000000214570   0.000000000003155
   0.000850454874400   0.000000017796702   0.000000000050487   0.000000000041021   0.000000000921390   0.000000000050487
   0.000253671868212   0.000000003887507   0.000000000214570   0.000000000012622   0.000000000454384                   0
   0.000062270133415   0.000000005695576                   0   0.000000000078886   0.000000001773359                   0


corrida =

     9


Solutions =

   1.0e-18 *

   0.000294134513038   0.000000006424483   0.000000000050487   0.000000000063109   0.000000000242969   0.000000000053643
   0.000014423457060   0.000000002473868   0.000000000100974   0.000000000050487   0.000000002505422   0.000000000113596
   0.682431972223457   0.000000007879143   0.000000000012622   0.000000000082042   0.000000000381809                   0
   0.000035250498830   0.000000005111819   0.000000000025244   0.000000000012622   0.000000001981619   0.000000000041021
   0.002304437641945   0.000000000063109   0.000000000050487   0.000000000003155   0.000000000214570   0.000000000003155
   0.000850454874400   0.000000017796702   0.000000000050487   0.000000000041021   0.000000000921390   0.000000000050487
   0.000253671868212   0.000000003887507   0.000000000214570   0.000000000012622   0.000000000454384                   0
   0.000062270133415   0.000000005695576                   0   0.000000000078886   0.000000001773359                   0
   0.000034574855242   0.000000001009742   0.000000000053643   0.000000000141995   0.000000000025244                   0


corrida =

    10


Solutions =

   1.0e-18 *

   0.000294134513038   0.000000006424483   0.000000000050487   0.000000000063109   0.000000000242969   0.000000000053643
   0.000014423457060   0.000000002473868   0.000000000100974   0.000000000050487   0.000000002505422   0.000000000113596
   0.682431972223457   0.000000007879143   0.000000000012622   0.000000000082042   0.000000000381809                   0
   0.000035250498830   0.000000005111819   0.000000000025244   0.000000000012622   0.000000001981619   0.000000000041021
   0.002304437641945   0.000000000063109   0.000000000050487   0.000000000003155   0.000000000214570   0.000000000003155
   0.000850454874400   0.000000017796702   0.000000000050487   0.000000000041021   0.000000000921390   0.000000000050487
   0.000253671868212   0.000000003887507   0.000000000214570   0.000000000012622   0.000000000454384                   0
   0.000062270133415   0.000000005695576                   0   0.000000000078886   0.000000001773359                   0
   0.000034574855242   0.000000001009742   0.000000000053643   0.000000000141995   0.000000000025244                   0
   0.000006578771783   0.000000000302923   0.000000001868023   0.000000000810949   0.000000000164083   0.000000000056798


corrida =

    11


